V(d) : 6.17647
V(a) : 6.17647
V(c) : 10
V(b) : 6.17647
I(R1) : 1.02941
I(R2) : -1.91176
I(L1) : 0
I(L2) : 0
I(V1) : -1.91176
I(L4) : 0
I(R3) : -0.882353

