V(N003) : 2
V(N002) : 5
V(N001) : 9
V(N004) : 4.90909
I(V1) : -0.818182
I(V2) : -0.818182
I(V3) : -0.818182
I(R1) : 0.818182
I(R2) : -0.818182

