V(d) : 6.17568
V(a) : 6.17696
V(c) : 10
V(b) : 6.17632
I(R1) : 1.02928
I(R2) : -1.91152
I(L1) : -0.637054
I(L2) : -1.27411
I(V1) : -1.91152
I(L4) : -0.637054
I(R3) : -0.88224

